He = (24.98, 54.33)

Li = (5.343, 74.45, 121.9)

Be = (8.417, 18.69, 146.3, 214.9)

B = (8.431, 25.81, 29.58, 249.3, 332.9)

C = (10.60, 26.05, 50.40, 67.59, 374.2, 475.6)

N = (13.37, 32.02, 51.55, 82.57, 103.1, 524.0, 643.3)

O = (16.39, 38.23, 60.73, 82.78, 121.9, 145.8, 698.8, 836.0)

F = (19.66, 44.71, 70.07, 95.18, 120.3, 168.3, 195.5, 898.5, 1054)

Ne = (23.08, 51.25, 79.42, 107.6, 135.9, 164.1, 221.8, 252.4, 1123, 1296)

Na = (4.962, 47.69, 81.74, 115.8, 149.9, 184.1, 218.3, 287.3, 322.3, 1384, 1575)

Mg = (6.896, 15.27, 78.71, 118.4, 158.1, 197.8, 237.8, 277.7, 356.7, 396.2, 1671, 1880)

Al = (5.714, 18.66, 29.15, 11.62, 161.5, 206.7, 252.0, 297.9, 343.4, 427.1, 471.1, 1984, 2211)

Si = (7.264, 16.95, 34.27, 46.65, 159.8, 210.5, 261.3, 312, 364, 415.1, 503.7, 552.2, 2324, 2569)

P = (9.249, 20.68, 32.62, 53.73, 67.88, 209.7, 265.9, 322.1, 378.3, 436, 492.6, 586.5, 639.5, 2690, 2953)

S = (11.4, 24.53, 37.99, 51.15, 76.74, 92.62, 265.8, 327.4, 389.1, 450.7, 514.1, 576.2, 675.6, 733, 3082, 3364)
















   
  
  




























































Ba = (4.670,10.30,20.71,45.85,67.23,82.22,97.20,112.2,130.9,148.2,164.0,164.0,205.1,222.8,337.6,374.8,411.9,449.0,486.1,523.2,568.1,605.7,643.2,680.8,824.7,865.4,906.2,947.0,1011,1053,1160,1204,1878,1987,2097,2207,2316,2426,2557,2668,2780,2891,3187,3287,3386,3486,3730,3834,4062,4162,8855,9149,9444,9738,10520,10830,11330,11590,47400,48530)

Nd = (4.734,10.44,21.98,48.50,68.53,83.81,99.09,114.4,135.5,151.7,168.5,195.0,228.0,246.2,377.3,415.4,453.6,491.7,529.9,568.0,616.0,654.6,693.2,731.8,879.3,921.1,962.9,1005,1072,1116,1225,1270,1980,2092,2205,2317,2429,2541,2678,2791,2905,3019,3321,3423,3525,3627,3884,3991,4223,4326,9199,9500,9800,10100,10920,11240,11750,12020,49140,50290)

Pm = (4.796,10.57,23.11,50.89,69.75,85.32,100.9,116.4,138.4,155.0,174.0,201.8,229.6,251.6,270.2,418.8,458.0,497.2,536.3,575.5,614.7,665.8,705.5,745.1,784.8,935.8,978.6,1021,1064,1136,1180,1293,1339,2085,2200,2315,2430,2544,2659,2801,2917,3034,3150,3458,3562,3666,3770,4042,4151,4388,4493,9551,9856,10160,10470,11340,11660,12190,50910,52080)

Sm = (4.857,10.71,24.12,53.07,70.93,86.76,102.6,118.4,141.3,158.2,179.2,208.1,237.1,257.0,275.9,303.9,462.3,502.4,542.6,582.8,623.0,663.1,717.5,758.2,798.9,839.6,994.1,1038,1082,1125,1201,1246,1362,1409,2193,2310,2428,2545,2662,2780,2927,3046,3165,3284,3598,3704,3810,3916,4203,4314,4557,4664,9908,10220,10530,10840,11760,12090,12630,12920,52720,53910)
assert len(Sm) == 62
Eu =  (4.922,10.85,21.67,53.58,72.33,88.47,104.6,120.7,144.1,161.4,182.7,212.7,242.8,262.6,281.9,311.5,341.6,507.8,548.9,590.1,631.3,672.4,713.6,763.6,810.4,852.1,893.9,1054,1099,1143,1188,1267,1313,1433,1481,2303,2423,2543,2663,2783,2903,3054,3176,3298,3419,3740,3848,3957,4065,4367,4481,4729,4838,10270,10590,10910,11220,12190,12530,13090,13370,54560,55780)
assert len(Eu) == 63
Gd = (5.380,11.71,19.20,40.59,71.99,88.91,105.8,122.7,143.8,164.9,182.9,212.7,245.6,268.0,288.1,318.7,351.5,384.4,559.4,601.8,644.1,686.5,728.9,771.2,828.7,871.7914.8,957.8,1123,1169,1215,1260,1343,1391,1514,1563,2424,2547,2669,2792,2914,3037,3193,3318,3442,3567,3893,4004,4115,4543,4660,4913,5025,10650,10970,11300,11620,12640,12990,13560,13850,56450,57700)
assert len(Gd) == 64
Tb = (5.464,11.88,19.21,41.49,73.14,90.35,107.6,124.8,143.4,167.8,186.1,216.4,250.2,273.3,293.8,325.0,358.9,392.7,426.6,609.5,652.8,696.2,739.5,782.8,826.2,884.1,928.1,972.2,1016,1187,1234,1281,1328,1413,1463,1589,1639,2541,2666,2790,2915,3040,3165,3327,3454,3581,3708,4042,4155,4268,4380,4715,4835,5093,5207,11030,11360,11680,12010,13090,13450,14030,14330,58380,59640)
assert len(Tb) == 65
Dy = (5.107,11.25,23.91,55.82,76.28,93.26,110.3,127.2,152.3,170.5,192.2,224.1,258.6,279.1,299.6,332.7,365.8,398.8,431.9,464.9,655.1,699.3,743.4,787.5,831.6,875.7,932.1,977.0,1022,1067,1244,1292,1339,1387,1475,1525,1656,1707,2649,2776,2904,3031,3159,3286,3452,3581,3711,3841,4183,4298,4413,4528,4881,5002,5266,5383,11400,11740,12070,12410,13540,13910,14510,14810,60330,61620)
assert len(Dy) == 66
Ho = (5.167,11.38,24.50,57.40,77.53,94.79,112.1,129.3,154.9,173.5,196.5,229.4,262.3,284.5,305.4,339.4,373.4,407.3,441.3,475.3,509.3,707.7,752.8,797.9,843.0,888.1,933.2,990.0,1036,1082,1128,1311,1359,1408,1457,1548,1600,1735,,1787,2769,2899,3029,3159,3289,3419,3590,3723,3855,3988,4336,4453,4570,4688,5059,5184,5452,5571,11790,12130,12470,12810,14010,14380,15000,15310,62330,63640)
assert len(Ho) == 67
Er = (5.227,11.52,25.03,58.89,78.76,96.29,113.8,131.4,157.6,176.5,200.7,234.6,268.4,290.0,311.2,344.8,380.8,415.7,450.6,485.4,520.3,555.2,762.0,808.0,854.1,900.1,946.2,992.3,1049,1096,1143,1190,1379,1429,1478,1528,1623,1676,1815,1868,2892,3025,3157,3290,3423,3555,3731,3866,4001,4137,4492,,4611,4731,4850,5241,5368,5643,5764,12190,12540,12880,13230,14490,14870,15500,15820,64370,65700)
assert len(Er) == 68
Tm = (5.287,11.65,25.50,60.29,79.98,97.77,115.6,133.4,160.2,179.5,204.8,239.5,273.7,295.4,317.7,352.4,387.2,423.9,459.6,495.4,531.1,566.9,602.6,817.9,864.9,911.9,958.9,1006,1053,1110,1158,1206,1254,1449,1500,1550,1601,1700,1754,1897,1951,3018,3153,3288,3423,3558,3693,3874,4012,4150,4288,4650,4772,4894,5015,5427,5557,5837,5961,12590,12950,13300,13650,14980,1570,16020,16340,66450,67810)
assert len(Ho) == 69
