Pb = (6.906), (15.99), (32.27), (43.59), (67.21), (87.98), (108.7), (129.5), (150.3), (171.0), (194.7), (216.1), (237.5), (258.8), (346.8), (373.7), (400.6), (427.5), (477.6), (507.1), (614.3), (645.8), (694.6), (754.4), (814.2), (874.0), (933.8), (993.6), (1053), (1118), (1179), (1240), (1300), (1361), (1421), (1758), (1820), (1883), (1946), (2008), (2071), (2157), (2221), (2285), (2350), (2625), (2690), (2755), (2821), (3008), (3079), (3279), (3350), (5026), (5194), (5362), (5530), (5698), (5866), (6139), (6312), (6485), (6658), (7122), (7273), (7423), (7574), (8368), (8534), (8891), (9048), (18580), (19010), (19440), (19860), (22480), (22980), (23880), (24290), (97550), (99250)

BI = (6.799), (17.15), (26.85), (46.06), (58.16), (85.78), (107.7), (129.6), (151.4), (173.3), (195.2), (220.5), (243.0), (265.6), (288.1), (380.9), (408.9), (436.4), (464.1), (517.4), (547.8), (621.3), (658.8), (691.2), (747.5), (809.0), (870.6), (932.1), (993.6), (1055), (1117), (1184), (1246), (1308), (1371), (1433), (1496), (1841), (1905), (1969), (2033), (2097), (2161), (2249), (2315), (2380), (2446), (2729), (2795), (2861), (2927), (3125), (3197), (3402), (3474), (5202), (5372), (5543), (5713), (5884), (6054), (6335), (6511), (6687), (6863), (7336), (7489), (7642), (7795), (8629), (8797), (9161), (9321), (19100), (19530), (19960), (20390), (23150), (23650), (24580), (24990), (100300), (102000)

PO = (8.012), (17.18), (29.01), (39.58), (61.26), (74.08), (105.7), (128.7), (151.7), (174.6), (197.6), (220.5), (247.3), (270.9), (294.6), (318.2), (415.8), (444.4), (473.0), (501.6), (558.2), (589.6), (671.2), (704.5), (738.7), (801.9), (865.1), (928.3), (991.5), (1055), (1181), (1181), (1250), (1315), (1379), (1443), (1507), (1571), (1926), (1991), (2056), (2121), (2186), (2251), (2343), (2410), (2477), (2544), (2833), (2900), (2968), (3035), (3243), (3317), (3527), (3601), (5380), (5553), (5726), (5899), (6072), (6245), (6535), (6714), (6893), (7071), (7552), (7708), (7863), (8018), (8895), (9066), (9436), (9599), (19610), (20050), (20490), (20930), (23830), (24300), (25290), (25710), (103100), (104800)

AT = (9.224), (19.10), (28.98), (42.48), (53.66), (77.79), (91.30), (127.0), (151.0), (175.0), (199.0), (222.9), (246.9), (275.1), (275.1), (299.9), (324.6), (349.4), (451.6), (481.1), (510.5), (540.0), (600.2), (632.5), (717.1), (751.3), (751.3), (792.8), (857.7), (922.6), (987.5), (1052), (1117), (1182), (1247), (1319), (1384), (1450), (1516), (1582), (1647), (2012), (2078), (2144), (2211), (2277), (2344), (2438), (2507), (2575), (2643), (2939), (3008), (3076), (3145), (3364), (3428), (3654), (3729), (5560), (5736), (5912), (6087), (6263), (6438), (6738), (6919), (7101), (7282), (7772), (7930), (8087), (8245), (9165), (9340), (9717), (9882), (20140), (20580), (21030), (21470), (24520), (25040), (26020), (26450), (105900), (107700)

RN = (10.45), (20.99), (31.52), (42.06), (56.85), (68.99), (95.58), (109.8), (149.6), (174.6), (199.6), (224.5), (249.5), (274.5), (304.1), (329.9), (355.6), (381.4), (488.4), (518.8), (549.1), (579.4), (643.3), (676.5), (764.2), (799.3), (848.5), (915.0), (981.6), (1048), (1115), (1181), (1248), (1314), (1388), (1456), (1523), (1590), (1658), (1725), (2099), (2167), (2234), (2302), (2370), (2437), (2535), (2605), (2674), (2744), (3047), (3116), (3186), (3256), (3486), (3565), (3783), (3859), (5744), (5922), (6100), (6278), (6456), (6635), (6943), (7128), (7312), (7496), (7995), (8155), (8315), (8475), (9441), (9619), (10000), (10170), (20670), (21120), (21570), (22020), (25230), (25760), (26760), (27190), (108800), (110600)

FR = (3.611), (20.02), (31.63), (43.25), (54.87), (71.74), (84.94), (114.2), (129.3), (174.5), (200.4), (226.4), (252.4), (278.4), (304.3), (335.6), (362.3), (389.1), (415.9), (527.6), (553.8), (590.0), (621.1), (689.0), (723.2), (814.0), (850.0), (907.1), (975.3), (1043), (1112), (1180), (1248), (1316), (1384), (1460), (1530), (1599), (1669), (1737), (1806), (2188.5), (2257), (2326), (2395), (2464), (2533), (2635), (2706), (2777), (2847), (3157), (3228), (3370), (3612), (3690), (3916), (3993), (5931), (6112), (6293), (6473), (6654), (6835), (7154), (7341), (7528), (7715), (8222), (8384), (8547), (8709), (9724), (9905), (10300), (10470), (21210), (21670), (22122), (22580), (25950), (26490), (27520), (27960), (111700), (113500)

RA = (4.523), (9.930), (30.97), (43.49), (56.02), (68.55), (87.42), (101.6), (133.4), (149,4), (200.1), (227.1), (254.1), (281.0), (308.0), (334.9), (367.7), (395.5), (423.3), (451.1), (567.5), (599.5), (631.5), (663.5), (735.6), (770.7), (864.7), (901.6), (966.9), (1037), (1107), (1176), (1246), (1316), (1386), (1456), (1534), (1605), (1676), (1746), (1817), (1888), (2277), (2347), (2417), (2487), (2557), (2628), (2880), (2952), (3269), (3341), (3413), (3485), (3740), (3820), (4050), (4130), (6121), (6305), (6488), (6671), (6854), (7038), (7367), (7557), (7746), (7936), (8453), (8617), (8782), (8946), (10010), (10190), (10590), (10070), (21760), (22200), (22680), (23150), (26690), (27240), (28290), (28740), (114700), (116600)

AC = (4.919), (11.04), (16.93), (43.36), (56.66), (69.95), (83.25), (104.3), (119.2), (153.0), (169.7), (226.2), (254.1), (282.1), (310.0), (337.9), (365.9), (400.4), (429.4), (458.0), (486.8), (607.8), (640.6), (673.5), (706.3), (782.8), (819.0), (916.0), (953.8), (1028), (1099), (1171), (1242), (1313), (1385), (1456), (1528), (1608), (1681), (1753), (1826), (1898), (1971), (2366), (2438), (2509), (2581), (2652), (2724), (2838), (2911), (2985), (3058), (3381), (3454), (3528), (3601), (3870), (3951), (4187), (4268), (6313), (6499), (6685), (6871), (7057), (7243), (7582), (7775), (7968), (8160), (8686), (8853), (9019), (9186), (10300), (10490), (10900), (11070), (22310), (22780), (23250), (23720), (27440), (28000), (29030), (29540), (11780), (119700)

TH = (5.620), (11.90), (18.66), (27.62), (57.22), (71.12), (85.20), (99.18), (122.6), (138.2), (173.6), (191.0), (253.3), (282.2), (311.1), (340.0), (368.9), (397.8), (434.4), (463.8), (493.6), (523.4), (649.0), (523.4), (649.0), (682.7), (716.4), (831.1), (868.4), (968.5), (1007), (1090), (1163), (1236), (1309), (1382), (1455), (1528), (1601), (1684), (1758), (1833), (1907), (1981), (2055), (2455), (2528), (2600), (2673), (2746), (2819), (2941), (3016), (3091), (3166), (3495), (3569), (3644), (3719), (4002), (4085), (4326), (4408), (6697), (6835), (7073), (7262), (7450), (7801), (7996), (8192),(8387), (8922), (9091), (9260), (9429), (10590), (10780), (11210), (11380), (22880), (23350), (23820), (24300), (28210), (28780), (29890), (30350), (120900), (122800)

PA = (5.334), (114.5), ( (17.75), (28.91), (46.69), (74.36), (74.36), (88.37), (102.4), (116.4), (144.0), (159.9), (199.6), (217.3)282.2), (311.8), (341.4), (371.0), (400.5), (430.1). (469.3), (499.7), (530.1), (560.5), (688.3), (722.7), (757.1), (791.4), (877.7), (915.7), (1018), (1058), (1149), (1224), (1298), (1373), (1448), (1522), (1597), (1672), (1757), (1833), (1909), (1985), (2061), (2136), (2540), (2614), (2688), (2763), (2837), (2911), (3042), (3118), (3194), (3270), (3606), (3631), (3757), (3833), (4132), (4216), (4462), (4546), (6701), (6892), (7083), (7274), (7465), (7656), (8081), (8216), (8415), (8613), (9157), (9328), (9500), (9671), (10890), (11080), (11520, (11700), (23440), (23920), (24400), (24880), (28990), (29570), (30710), (31180), (12400), (12600)

U = (5.414), (11.63), (18.09), (30.90), (49.91), (90.35), (104.7), (119.0), (133.3), (164.6), (180.9), (223.4), (241.6), (312.8), (343.1), (373.5), (403.8), (434.2), (464.5), (506.2), (537.4), (568.6), (599.8), (730.6), (765.7), (800.8), (836.0), (927.5), (966.3), (1072), (1112), (1212), (1288), (1365), (1441), (1517), (1593), (1670), (1746), (1834), (1912), (1989), (2065), (2144), (2221), (2630), (2705), (2780), (2856), (2931), (3006), (3146), (3223), (3301), (3146), (3223), (3301), (3379), (3718), (3795), (3718), (3795), (3872), (3949), (4267), (4352), (4604), (4689), (6899), (7093), (7286), (7480), (7683), (7867), (8240), (8442), (8643), (8844), (9397), (9571), (9744), (9918), (11190), (11390), (11830), (12020), (24020), (24500), (24990), (25470), (29790), (30380), (31550), (32030), (127300), (129300)

NP = (5.493), (11.80), (18.37), (32.75), (52.83), (72.91), (92.91), (106.7), (121.3), (135.9), (151.3), (185.8), (202.5), (249.9), (266.5), (344.5), (375.9), (407.0), (438.1), (469.2), (500.2), (544.6), (576.6), (608.5), (640.4), (774.1), (810.0), (845.9), (881.8), (978.8), (1019), (1127), (1168), (1277), (1355), (1432), (1510), (1588), (1666), (1744), (1822), (1912), (1991), (2071), (2150), (2229), (2308), (2721), (2797), (2874), (2950), (3027), (3104), (3251), (3330), (3409), (3438), (3832), (3910), (3988), (4066), (4403), (4490), (4747), (4834), (7100), (7296), (7492), (7688), (7884), (8080), (8466), (8670), (8874), (9078), (9640), (9816), (9992), (10170), (11500), (11700), (12350), (24600), (25050), (25580), (26070), (30610), (31210), (32890), (130600), (132600)

PU = 5.113), (11.19), (20.70), (40.80), (60.90), (80.40), (94.89), (109.4), (123.9), (139.0), (159.0), (179.2), (209.3), (226.3), (275.7), (294.5), (376.6), (408.4), (440.1), (471.9), (503.6), (535.3), (583.0), (615.5), (648.0), (680.6), (816.0), (652.6), (889.1), (925.7), (1029), (1069), (1180), (1222), (1339), (1419), (1498), (1578), (1657), (1736), (1816), (1895), (1989), (2070), (2150), (2231), (2312), (2393), (2810), (2887), (2965), (3043), (3121), (3199), (3353), (3433), (3514), (3594), (3943), (4023), (4102), (4192), (4539), (4629), (4890), (4978), (7300), (7498), (7697), (7896), (8094), (8293), (8691), (8879), (8878), (9105), (9312), (9883), (10060), (10240), (10420), (11820), (12020), (12490), (12680), (25180), (25680), (26180), (26680), (31440), (32060), (33780), (133900), (136000)

AM = (5.655), (12.15), (18.82), (36.15), (58.14), (80.12), (95.31), (110.4), (125.5), (140.6), (162.5), (184.5), (206.4), (230.2), (247.7), (298.8), (318.2), (412.9), (445.5), (478.0), (510.5), (543.1), (575.6), (625.7), (659.1), (692.5), (725.9), (865.1), (902.4), (939.7), (977.0), (1086), (1127), (1241), (1284), (1410), (1491), (1572), (1653), (1734), (1815), (1896), (1977), (207.3), (215.6), (223.8), (232.0), (240.3), (248.5), (290.7), (298.6), (306.5), (314.4), (322.4), (330.3), (346.4), (354.6), (362.7), (370.9), (406.2), (414.2), (422.3), (430.4), (468.5), (477.5), (504.3), (513.2), (750.9), (771.0), (791.1), (811.3), (831.4), (851.5), (892.6), (913.6), (934.6), (955.6), (1014), (1032), (1068), (1214), (1235), (1283), (1302), (2578), (2629), (2679), (2729), (3230), (3292), (3417), (3467), (13730), (13940)

CM = (5.667), (12.36), (18.96), (34.12), (59.59), (81.69), (97.05), (112.4), (127.8), (143.9), (166.8), (189.7), (212.5), (235.2), (271.3), (325.6), (345.5), (449.5), (482.7), (515.9), (549.2), (582.4), (615.4), (666.6), (700.8), (735.0), (769.2), (912.5), (950.5), (988.6), (1027), (1141), (1184), (1300), (1344), (1480), (1562), (1645), (1727), (1810), (1892), (1975), (2057), (2156), (2240), (2324), (2408), (2492), (2576), (3003), (3083), (3163), (3244), (3324), (3405), (3573), (3656), (3739), (3822), (4178), (4260), (4423), (4829), (4921), (5194), (5285), (7718), (7921), (8125), (8329), (8533), (8737), (9161), (9373), (9586), (9799), (10390), (10570), (10760), (10940), (12470), (12680), (13170), (13370), (26390), (26900), (27400), (27910), (33170), (33810), (35070), (35590), (140800), (143000)

BK = (5.493), (12.57), (19.27), (35.51), (58.38), (83.07), (98.07), (114.3), (130.0), (147.2), (170.9), (194.6), (218.3), (240.3), (258.6), (278.8), (302.5), (353.3), (373.5), (487.4), (521.3), (555.2), (589.1), (623.0), (656.9), (708.8), (743.7), (778.7), (813.6), (961.2), (999.9), (1039), (1077), (1198), (1241), (1361), (1406), (1550), (1634), (1719), (1803), (1887), (1971), (2055), (2139), (2240), (2325), (2411), (2496), (2582), (2668), (3100), (3191), (3253), (3345), (3426), (3508), (3634), (3768), (3852), (3937), (4296), (4379), (4462), (4545), (4976), (5069), (5348), (5441), (7929), (8135), (8342), (8548), (8755), (8961), (9398), (9614), (9830), (10050), (10650), (10830), (11020), (11200), (12810), (13020), (13520), (13720), (27000), (27510), (28030), (28540), (34060), (34710), (36000), (36520), (144400), (146600)

CF = (5.409), (11.83), (22.31), (44.90), (67.49), (86.40), (101.9), (117.5), (133.0), (152.2), (177.7), (201.5), (225.2), (246.9), (265.5), (286.1), (30.99), (33.36), (38.44), (40.49), (52.45), (55.90), (59.24), (55.90), (59.34), (62.79), (66.24), (69.68), (74.82), (78.38), (81.94), (85.50), (100.7), (104.7), (108.6), (112.5), (125.1), (129.6), (141.9), (146.5), (161.8), (170.4), (178.9), (187.5), (196.1), (204.6), (249.5), (258.2), (266.9), (275.6), (319.4), (327.7), (336.0), (344.3), (352.6), (360.8), (379.1), (387.7), (396.3), (404.9), (441.1), (449.5), (458.0), (466.4), (512.0), (521.6), (550.0), (559.5), (813.9), (834.8), (855.6), (876.5), (897.4), (918.3), (963.4), (985.3), (1007), (1029), (1090), (1109), (1128), (1146), (1314), (1336), (1388), (1408), (2761), (2813), (2865), (2918), (3497), (3563), (3694), (3747), (14800), (15020)

ES = (5.480), (11.98), (23.35), (46.78), (70.02), (87.70), (103.5), (119.2), (135.0), (156.7), (180.1), (206.4), (231.0), (251.9), (270.8), (293.4), (317.9), (34.25), (36.70), (41.35), (43.45), (56.48), (59.99), (59.99), (63.51), (67.02), (70.53), (74.05), (79.26), (82.89), (86.53), (90.16), (105.8), (109.8), (113.8), (117.8), (131.1), (135.6), (148.3), (153.0), (169.2), (177.9), (186.6), (195.3), (204.0), (212.7), (221.5), (230.2), (240.7), (249.6), (258.5), (267.3), (276.3), (285.1), (329.4), (337.8), (346.2), (354.6), (363.1), (371.5), (390.5), (399.2), (407.9), (416.6), (453.2), (461.8), (470.3), (478.9), (527.2), (536.9), (566.0), (575.6), (835.5), (856.7), (877.8), (899.0), (920.1), (941.3), (987.8), (1010), (1032), (1054), (1116), (1135), (1154), (1173), (1349), (1371), (1424), (1445), (2823), (2876), (2929), (2982), (3590), (3658), (3791), (3845), (15170), (15400)

FM = (5.551), (12.14), (24.36), (48.58), (72.80), (88.96), (105.0), (120.9), (136.9), (161.0), (185.2), (209.4), (236.5), (256.8), (276.2), (300.4), (325.7), (351.1), (376.4), (401.7), (443.5), (464.9), (606.4), (642.2), (678.0), (713.8), (749.5), (785.3), (838.1), (875.2), (912.3), (949.4), (1110), (1151), (1192), (1233), (1372), (1418), (1548), (1596), (1767), (1855), (1944), (2033), (2121), (2299), (2388), (2499), (2586), (2766), (2856), (2947), (3395), (3481), (3566), (3652), (3737), (3823), (4019), (4107), (4196), (4284), (4655), (4742), (4829), (4916), (5427), (5526), (5822), (5920), (8574), (8739), (9003), (9217), (9431), (10120), (10350), (10570), (10800), (11430), (11620), (11810), (12010), (13840), (14070), (14620), (14830), (28870), (29400), (29940), (30470), (36860), (37540), (38900), (39450), (155500), (157800)

MD = (5.624), (12.29), (25.33), (50.32), (73.96), (90.18), (106.4), (122.6), (140.2), (165.1), (190.1), (215.1), (240.1), (261.8), (281.5), (307.2), (333.3), (359.4), (385.4), (411.5), (437.6), (474.3), (496.1), (649.2), (685.7), (722.1), (758.6), (795.0), (831.4), (884.9), (922.7), (960.6), (998.4), (1164), (1205), (1247), (1288), (1435), (1482), (1615), (1664), (1843), (1934), (2024), (2294), (2385), (2475), (2585), (2677), (2769), (2861), (2952), (3044), (3498), (3585), (3672), (3759), (3845), (3932), (4134), (4224), (4314), (4404), (4780), (4868), (4956), (5044), (5585), (5685), (5987), (6087), (8796), (9013), (9230), (9447), (9663), (9880), (10370), (10600), (10830), (11060), (11700), (11890), (12090), (12280), (14200), (14430), (15000), (15210), (29510), (30050), (30590), (31130), (37830), (38530), (39910), (40470), (159400), (161700)

NO = (5.697), (12.45), (26.27), (52.00), (74.92), (91.35), (107.8), (124.2), (143.4), (169.2), (194.9), (220.6), (246.3), (266.8), (286.9), (312.2), (340.6), (367.4), (394.2), (421.0), (447.8), (474.7), (506.1), (528.3), (693.3), (730.4), (767.5), (804.6), (841.7), (878.8), (932.8), (971.4), (1010), (1049), (1218), (1261), (1303), (1345), (1499), (1547), (1684), (1733), (1921), (2013), (2105), (2197), (2288), (2380), (2472), (2564), (2676), (2770), (2863), (2957), (3050), (3143), (3603), (3691), (3779), (3867), (3955), (4043), (4252), (4343), (4434), (4525), (4907), (4996), (5085), (5175), (5746), (5848), (6156), (6257), (9021), (9241), (9460), (9679), (9898), (10120), (10630), (10960), (11320), (11970), (12170), (12370), (12560), (14570), (14800), (15390), (15600), (30160), (30700), (31250), (31800), (38800), (39550), (40940), (41510), (163300), (165700)

LW = (4.312), (14.00), (21.36), (42.78), (70.16), (90.13), (107.2), (124.3), (141.3), (165.8), (193.2), (220.5), (247.9), (269.4), (290.1), (316.7), (344.1), (374.5), (402.7), (430.9), (459.2), (487.4), (513.6), (536.5), (561.3), (742.2), (780.0), (817.9), (855.7), (893.6), (931.4), (987.4), (1027), (1066), (1105), (1280), (1322), (1322), (1365), (1408), (1570), (1619), (1760), (1810), (2007), (2100), (2193), (2287), (2380), (2473), (2566), (2660), (2775), (2870), (2965), (3060), (3155), (3250), (3715), (3804), (3894), (3983), (4072), (4161), (4377), (4470), (4562), (4655), (5042), (5132), (5915), (6019), (6333), (6436), (9255), (9477), (9698), (9920), (1040), (10360), (10890), (11120), (11360), (11590), (12250), (12850), (14950), (15190), (15790), (16010), (30820), (31370), (31920), (32470), (39860), (40590), (42010), (42590), (167300), (169700) 


